data/dem_grid.asc
NCOLS 30 
NROWS 30 
XLLCORNER 4564074.25 
YLLCORNER 5445662.25 
CELLSIZE 0.5 
NODATA_value -9999 
609.735999999999990 609.769 609.812 609.846 609.849 609.84 609.832 609.837 609.842 609.85 609.859 609.866 609.874 609.893 609.914 609.934 609.968 609.991 610.012 610.034 610.047 610.06 610.084 610.118 610.136 610.179 610.226 610.235 610.236 610.235
609.745 609.785 609.804 609.821 609.82 609.813 609.808 609.816 609.822 609.829 609.838 609.847 609.859 609.879 609.9 609.92 609.943 609.966 609.989 610.001 610.012 610.024 610.053 610.088 610.114 610.161 610.212 610.231 610.229 610.227
609.745 609.762 609.779 609.792 609.789 609.785 609.783 609.792 609.801 609.808 609.817 609.827 609.84 609.86 609.88 609.903 609.928 609.951 609.975 609.988 609.997 610.008 610.035 610.063 610.092 610.127 610.16 610.187 610.19 610.203
609.723 609.737 609.754 609.762 609.758 609.757 609.759 609.769 609.778 609.787 609.797 609.807 609.819 609.839 609.86 609.887 609.912 609.935 609.961 609.976 609.985 610.003 610.029 610.057 610.085 610.114 610.143 610.169 610.182 610.194
609.712 609.724 609.735 609.745 609.75 609.755 609.75 609.747 609.757 609.766 609.778 609.788 609.799 609.819 609.844 609.871 609.897 609.921 609.946 609.964 609.974 609.997 610.023 610.05 610.08 610.109 610.138 610.161 610.175 610.187
609.699 609.71 609.721 609.736 609.75 609.755 609.748 609.737 609.735 609.745 609.756 609.768 609.779 609.801 609.828 609.856 609.881 609.906 609.932 609.953 609.968 609.991 610.017 610.045 610.075 610.104 610.131 610.152 610.167 610.178
609.686 609.697 609.708 609.723 609.738 609.749 609.743 609.735 609.724 609.724 609.735 609.747 609.761 609.786 609.814 609.84 609.867 609.892 609.918 609.941 609.962 609.986 610.011 610.04 610.07 610.099 610.123 610.143 610.161 610.183
609.673 609.683 609.696 609.71 609.717 609.717 609.716 609.715 609.715 609.712 609.725 609.739 609.755 609.778 609.805 609.832 609.858 609.882 609.907 609.929 609.953 609.976 610 610.029 610.059 610.088 610.122 610.156 610.187 610.19
609.656 609.67 609.682 609.688 609.699 609.71 609.717 609.717 609.717 609.71 609.718 609.733 609.75 609.77 609.796 609.823 609.849 609.873 609.897 609.916 609.939 609.962 609.985 610.012 610.042 610.072 610.106 610.14 610.164 610.171
609.638 609.655 609.665 609.686 609.697 609.709 609.719 609.72 609.717 609.708 609.712 609.726 609.744 609.765 609.788 609.815 609.84 609.864 609.884 609.903 609.925 609.948 609.971 609.996 610.025 610.056 610.09 610.119 610.141 610.149
609.627 609.643 609.641 609.661 609.69 609.707 609.719 609.722 609.715 609.706 609.705 609.72 609.739 609.759 609.78 609.806 609.831 609.851 609.871 609.89 609.911 609.934 609.957 609.98 610.009 610.04 610.073 610.096 610.118 610.126
609.615 609.628 609.624 609.628 609.657 609.686 609.715 609.723 609.713 609.703 609.698 609.714 609.734 609.754 609.774 609.797 609.819 609.839 609.858 609.877 609.897 609.92 609.943 609.966 609.992 610.024 610.051 610.072 610.094 610.104
609.604 609.611 609.607 609.603 609.623 609.652 609.681 609.706 609.709 609.701 609.693 609.709 609.729 609.749 609.762 609.787 609.807 609.826 609.845 609.864 609.884 609.907 609.93 609.952 609.976 610.005 610.027 610.049 610.071 610.081
609.592 609.594 609.59 609.586 609.59 609.618 609.645 609.672 609.681 609.685 609.688 609.69 609.686 609.706 609.747 609.775 609.799 609.817 609.836 609.854 609.873 609.895 609.918 609.94 609.963 609.982 610.004 610.026 610.047 610.055
609.578 609.58 609.576 609.571 609.574 609.586 609.61 609.637 609.652 609.656 609.634 609.616 609.669 609.706 609.735 609.763 609.791 609.809 609.828 609.847 609.869 609.891 609.914 609.932 609.941 609.961 609.982 610.004 610.025 610.058
609.561 609.567 609.563 609.558 609.574 609.59 609.599 609.609 609.622 609.624 609.634 609.663 609.67 609.695 609.723 609.75 609.778 609.801 609.822 609.843 609.865 609.887 609.901 609.91 609.918 609.939 609.96 609.981 610.002 610.042
609.544 609.554 609.55 609.549 609.573 609.594 609.603 609.618 609.643 609.656 609.677 609.679 609.678 609.689 609.716 609.743 609.77 609.79 609.812 609.835 609.857 609.871 609.878 609.887 609.896 609.917 609.937 609.958 609.98 610.02
609.526 609.539 609.536 609.548 609.573 609.598 609.618 609.644 609.669 609.688 609.688 609.687 609.686 609.686 609.71 609.737 609.763 609.774 609.795 609.817 609.84 609.858 609.864 609.87 609.877 609.896 609.915 609.936 609.957 609.998
609.509 609.521 609.525 609.548 609.569 609.586 609.602 609.627 609.652 609.677 609.691 609.696 609.695 609.694 609.704 609.731 609.749 609.758 609.777 609.8 609.821 609.841 609.852 609.858 609.866 609.884 609.902 609.921 609.94 609.96
609.492 609.504 609.518 609.535 609.551 609.568 609.584 609.6 609.625 609.65 609.667 609.681 609.695 609.703 609.702 609.724 609.735 609.744 609.76 609.782 609.803 609.822 609.84 609.846 609.854 609.873 609.891 609.909 609.928 609.971
609.477 609.489 609.502 609.517 609.534 609.551 609.567 609.583 609.599 609.622 609.644 609.658 609.671 609.685 609.699 609.711 609.72 609.729 609.742 609.765 609.784 609.804 609.823 609.834 609.843 609.861 609.879 609.897 609.915 609.958
609.462 609.474 609.487 609.5 609.517 609.533 609.549 609.565 609.581 609.597 609.619 609.634 609.648 609.663 609.68 609.693 609.705 609.715 609.725 609.746 609.766 609.786 609.805 609.821 609.831 609.85 609.867 609.884 609.903 609.946
609.447 609.459 609.472 609.485 609.499 609.516 609.532 609.548 609.564 609.58 609.596 609.612 609.63 609.646 609.661 609.674 609.686 609.699 609.709 609.728 609.748 609.767 609.787 609.806 609.82 609.838 609.855 609.872 609.89 609.933
609.431 609.444 609.457 609.47 609.483 609.499 609.515 609.531 609.547 609.593 609.659 609.63 609.613 609.629 609.642 609.655 609.667 609.68 609.692 609.713 609.732 609.751 609.77 609.79 609.807 609.825 609.843 609.86 609.878 609.92
609.418 609.431 609.442 609.455 609.468 609.481 609.497 609.535 609.576 609.607 609.628 609.618 609.607 609.611 609.623 609.636 609.649 609.662 609.676 609.701 609.721 609.74 609.759 609.777 609.787 609.806 609.824 609.843 609.864 609.882
609.413 609.426 609.437 609.448 609.459 609.47 609.487 609.518 609.549 609.581 609.59 609.58 609.585 609.596 609.605 609.618 609.631 609.644 609.661 609.687 609.71 609.729 609.748 609.761 609.77 609.786 609.804 609.823 609.848 609.87
609.409 609.422 609.433 609.444 609.455 609.467 609.479 609.493 609.523 609.554 609.552 609.559 609.573 609.583 609.591 609.6 609.613 609.626 609.647 609.672 609.698 609.718 609.735 609.744 609.753 609.766 609.784 609.808 609.833 609.858
609.405 609.418 609.429 609.44 609.452 609.465 609.476 609.488 609.501 609.524 609.532 609.546 609.561 609.57 609.578 609.586 609.595 609.608 609.632 609.658 609.683 609.707 609.719 609.728 609.737 609.746 609.767 609.792 609.818 609.844
609.4 609.414 609.425 609.437 609.449 609.461 609.474 609.485 609.498 609.522 609.542 609.554 609.551 609.558 609.566 609.573 609.581 609.593 609.619 609.644 609.67 609.693 609.702 609.711 609.72 609.729 609.75 609.776 609.802 609.827
609.396 609.41 609.422 609.434 609.446 609.459 609.471 609.489 609.514 609.536 609.553 609.552 609.537 609.547 609.555 609.563 609.57 609.583 609.609 609.634 609.66 609.674 609.685 609.694 609.703 609.716 609.733 609.759 609.784 609.806
